Simulation Date : 2017-12-17 16:16:31.006394
**********
Simulation Inputs : 

A : 56.2
N : 1.0
PH2 : 1.0
PO2 : 1.0
R : 22.0
T : 345.6
i : 25.2
l : 0.178
lambda : 23.0
**********
Simulation Outputs : 

Enernst : 1.1886675
Eta Activation : -0.5099540080643907
Eta Concentration : 0.0010839705283508764
Eta Ohmic : 554.8219059081254
Loss : 554.3130358705894
PEM Efficiency : -354.56690280165986
Power : -13938.734082938852
VStack : -553.1243683705894
Vcell : -553.1243683705894
